8600 0.092 -0.073 0.18929 3 0.0028388 1.17
4816 0.092 -0.073 0.18929 3 0.0028388 1.17
6708 0.092 -0.073 0.18929 3 0.0028388 1.17
10492 0.092 -0.073 0.18929 3 0.0028388 1.17
12384 0.092 -0.073 0.18929 3 0.0028388 1.17
8600 0.012 -0.073 0.18929 3 0.0028388 1.17
8600 0.052 -0.073 0.18929 3 0.0028388 1.17
8600 0.132 -0.073 0.18929 3 0.0028388 1.17
8600 0.172 -0.073 0.18929 3 0.0028388 1.17
8600 0.092 -0.113 0.18929 3 0.0028388 1.17
8600 0.092 -0.093 0.18929 3 0.0028388 1.17
8600 0.092 -0.053 0.18929 3 0.0028388 1.17
8600 0.092 -0.033 0.18929 3 0.0028388 1.17
8600 0.092 -0.073 0.15529 3 0.0028388 1.17
8600 0.092 -0.073 0.17229 3 0.0028388 1.17
8600 0.092 -0.073 0.20629 3 0.0028388 1.17
8600 0.092 -0.073 0.22329 3 0.0028388 1.17
8600 0.092 -0.073 0.18929 0.78 0.0028388 1.17
8600 0.092 -0.073 0.18929 1.89 0.0028388 1.17
8600 0.092 -0.073 0.18929 4.11 0.0028388 1.17
8600 0.092 -0.073 0.18929 5.22 0.0028388 1.17
8600 0.092 -0.073 0.18929 3 0.0002388 1.17
8600 0.092 -0.073 0.18929 3 0.0015388 1.17
8600 0.092 -0.073 0.18929 3 0.0041388 1.17
8600 0.092 -0.073 0.18929 3 0.0054388 1.17
8600 0.092 -0.073 0.18929 3 0.0028388 0.234
8600 0.092 -0.073 0.18929 3 0.0028388 0.702
8600 0.092 -0.073 0.18929 3 0.0028388 1.638
8600 0.092 -0.073 0.18929 3 0.0028388 2.106
